NUM_BODIES
2

NUM_STEPS
365

NAMES
Sun
Earth

MASSES
1.989e+30
5.972e+24

RADII
6.957e+08
6.371e+06

TRAJECTORIES
0           0.000000           0.000000 -147095000000.000000           0.000000
1         -68.756360          -0.000000 -147072101026.929535 -2617784148.577472
2        -275.014180          -1.223616 -147003411607.598206 -5234753260.307929
3        -618.728426          -6.117642 -146888954238.320557 -7850092591.633291
4       -1099.809051         -17.127547 -146728766402.412018 -10462987985.414804
5       -1718.121029         -36.696605 -146522900554.341034 -13072626163.748587
6       -2473.484419         -67.265007 -146271424097.558228 -15678195020.307295
7       -3365.674431        -111.268990 -145974419356.018890 -18278883912.050716
8       -4394.421530        -171.139960 -145631983539.419617 -20873883950.148693
9       -5559.411546        -249.303621 -145244228702.174377 -23462388289.960598
10       -6860.285808        -348.179103 -144811281696.160217 -26043592419.916538
11       -8296.641291        -470.178103 -144333284117.266815 -28616694449.146549
12       -9868.030791        -617.704015 -143810392245.788910 -31180895393.705303
13      -11573.963111        -793.151080 -143242776980.704895 -33735399461.241276
14      -13413.903266        -998.903529 -142630623767.889099 -36279414333.960838
15      -15387.272713       -1237.334740 -141974132522.309875 -38812151449.739487
16      -17493.449584       -1510.806393 -141273517544.269440 -41332826281.234215
17      -19731.768955       -1821.667639 -140529007429.745911 -43840658612.853035
18      -22101.523122       -2172.254268 -139740844974.901642 -46334872815.439789
19      -24601.961893       -2564.887893 -138909287074.826508 -48814698118.534607
20      -27232.292905       -3001.875129 -138034604616.587799 -51279368880.072777
21      -29991.681949       -3485.506794 -137117082366.663239 -53728124853.387230
22      -32879.253321       -4018.057109 -136157018852.836472 -56160211451.382591
23      -35894.090182       -4601.782908 -135154726240.638290 -58574880007.751328
24      -39035.234937       -5238.922860 -134110530204.420456 -60971388035.105492
25      -42301.689631       -5931.696699 -133024769793.152084 -63348999479.900482
26      -45692.416361       -6682.304461 -131897797291.032059 -65706984974.030273
27      -49206.337699       -7492.925736 -130729978073.013870 -68044622082.976761
28      -52842.337135       -8365.718929 -129521690455.342453 -70361195550.399094
29      -56599.259533       -9302.820529 -128273325541.205460 -72655997539.052200
30      -60475.911604      -10306.344391 -126985287061.603989 -74928327867.927170
31      -64471.062386      -11378.381032 -125657991211.550781 -77177494245.509598
32      -68583.443745      -12520.996937 -124291866481.706009 -79402812499.055573
33      -72811.750891      -13736.233871 -122887353485.563492 -81603606799.788666
34      -77154.642895      -15026.108218 -121444904782.302200 -83779209883.924850
35      -81610.743236      -16392.610316 -119964984695.419998 -85928963269.436264
36      -86178.640346      -17837.703815 -118448069127.268753 -88052217468.468231
37      -90856.888176      -19363.325050 -116894645369.611557 -90148332195.327988
38      -95644.006769      -20971.382417 -115305211910.324448 -92216676569.967407
39     -100538.482844      -22663.755772 -113680278236.366913 -94256629316.885818
40     -105538.770399      -24442.295841 -112020364633.146362 -96267578959.383209
41     -110643.291314      -26308.823643 -110326001980.403381 -98248924009.097656
42     -115850.435968      -28265.129929 -108597731544.745667 -100200073150.765167
43     -121158.563872      -30312.974632 -106836104768.959320 -102120445422.144012
44     -126566.004301      -32454.086337 -105041683058.227219 -104009470389.049408
45     -132071.056942      -34690.161762 -103215037563.384796 -105866588315.448624
46     -137671.992551      -37022.865256 -101356748961.344193 -107691250328.570602
47     -143367.053614      -39453.828305 -99467407232.818100 -109482918578.987808
48     -149154.455019      -41984.649068 -97547611437.474960 -111241066395.632507
49     -155032.384736      -44616.891911 -95597969486.657349 -112965178435.713058
50     -160999.004501      -47352.086970 -93619097913.795380 -114654750829.500153
51     -167052.450509      -50191.729721 -91611621642.646866 -116309291319.956543
52     -173190.834115      -53137.280571 -89576173753.495865 -117928319397.187744
53     -179412.242535      -56190.164459 -87513395247.440659 -119511366427.695038
54     -185714.739562      -59351.770479 -85423934808.902039 -121057975778.415802
55     -192096.366274      -62623.451512 -83308448566.481903 -122567702935.539841
56     -198555.141762      -66006.523880 -81167599852.301651 -124040115618.094254
57     -205089.063852      -69502.267013 -79002058959.949066 -125474793886.292831
58     -211696.109829      -73111.923129 -76812502901.161209 -126871330244.649475
59     -218374.237178      -76836.696932 -74599615161.370209 -128229329739.858826
60     -225121.384311      -80677.755330 -72364085454.237274 -129548410053.450424
61     -231935.471313      -84636.227162 -70106609475.299316 -130828201589.226410
62     -238814.400676      -88713.202942 -67827888654.851204 -132068347555.495712
63     -245756.058047      -92909.734622 -65528629910.185036 -133268504042.121124
64     -252758.312969      -97226.835368 -63209545397.306602 -134428340092.398636
65     -259819.019632     -101665.479353 -60871352262.247391 -135547537769.791595
66     -266936.017615     -106226.601559 -58514772392.088936 -136625792219.545044
67     -274107.132635     -110911.097607 -56140532165.814453 -137662811725.208618
68     -281330.177298     -115719.823592 -53749362205.100975 -138658317760.099182
69     -288602.951845     -120653.595933 -51341997125.163239 -139612045033.736816
70     -295923.244899     -125713.191245 -48919175285.758606 -140523741533.290924
71     -303288.834215     -130899.346221 -46481638542.460342 -141393168560.075134
72     -310697.487424     -136212.757529 -44030131998.304398 -142220100761.132538
73     -318146.962778     -141654.081725 -41565403755.912758 -143004326155.955109
74     -325635.009896     -147223.935179 -39088204670.194229 -143745646158.383087
75     -333159.370502     -152922.894020 -36599288101.721313 -144443875593.732574
76     -340717.779166     -158751.494086 -34099409670.879463 -145098842711.201721
77     -348307.964042     -164710.230898 -31589327012.882820 -145710389191.607361
78     -355927.647600     -170799.559644 -29069799533.748089 -146278370150.506409
79     -363574.547359     -177019.895173 -26541588167.315865 -146802654136.757721
80     -371246.376614     -183371.612009 -24005455133.406311 -147283123126.581879
81     -378940.845159     -189855.044375 -21462163697.193672 -147719672513.178131
82     -386655.660011     -196470.486229 -18912477929.881638 -148112211091.958893
83     -394388.526123     -203218.191318 -16357162470.759098 -148460661041.463837
84     -402137.147098     -210098.373239 -13796982290.713409 -148764957900.016754
85     -409899.225897     -217111.205517 -11232702457.275726 -149025050538.189941
86     -417672.465541     -224256.821691 -8665087901.270521 -149240901127.141266
87     -425454.569810     -231535.315422 -6094903185.138887 -149412485102.890747
88     -433243.243935     -238946.740597 -3522912273.002745 -149539791126.604340
89     -441036.195289     -246491.111460  -949878302.534559 -149622821040.952911
90     -448831.134062     -254168.402751  1623436641.305273 -149661589822.616028
91     -456625.773946     -261978.549847  4196271750.603721 -149656125530.999847
92     -464417.832801     -269921.448927  6767867716.845895 -149606469253.240021
93     -472205.033318     -277996.957141  9337466951.226530 -149512675045.560120
94     -479985.103683     -286204.892793 11904313802.869864 -149374809871.057159
95     -487755.778222     -294545.035530 14467654774.907976 -149192953533.985718
96     -495514.798052     -303017.126546 17026738738.370058 -148967198610.612823
97     -503259.911719     -311620.868798 19580817143.837421 -148697650376.715332
98     -510988.875826     -320355.927220 22129144230.821415 -148384426731.792480
99     -518699.455665     -329221.928967 24670977234.823692 -148027658120.065643
100     -526389.425828     -338218.463647 27205576592.040562 -147627487448.337555
101     -534056.570824     -347345.083576 29732206141.675369 -147184070000.783203
102     -541698.685678     -356601.304041 32250133325.825104 -146697573350.744476
103     -549313.576533     -365986.603564 34758629386.909523 -146168177269.600128
104     -556899.061231     -375500.424184 37256969562.613274 -145596073632.782745
105     -564452.969904     -385142.171742 39744433278.313530 -144981466323.013702
106     -571973.145541     -394911.216176 42220304336.967781 -144324571130.826996
107     -579457.444556     -404806.891822 44683871106.438271 -143625615652.451996
108     -586903.737350     -414828.497727 47134426704.231720 -142884839185.125122
109     -594309.908856     -424975.297964 49571269179.634735 -142102492619.899536
110     -601673.859087     -435246.521963 51993701693.227242 -141278838332.021332
111     -608993.503666     -445641.364835 54401032693.758087 -140414150068.940247
112     -616266.774360     -456158.987722 56792576092.368698 -139508712836.022186
113     -623491.619593     -466798.518134 59167651434.152473 -138562822780.029877
114     -630666.004958     -477559.050310 61525584067.039185 -137576787070.437347
115     -637787.913724     -488439.645571 63865705307.995300 -136550923778.643265
116     -644855.347326     -499439.332691 66187352606.532784 -135485561755.146866
117     -651866.325855     -510557.108265 68489869705.520348 -134381040504.749893
118     -658818.888537     -521791.937089 70772606799.292648 -133237710059.846436
119     -665711.094201     -533142.752541 73034920689.054382 -132055930851.862076
120     -672541.021743     -544608.456973 75276174935.577515 -130836073580.902588
121     -679306.770582     -556187.922101 77495740009.191193 -129578519083.671295
122     -686006.461104     -567879.989408 79692993437.065353 -128283658199.713486
123     -692638.235101     -579683.470545 81867319947.789871 -126951891636.044891
124     -699200.256202     -591597.147740 84018111613.252670 -125583629830.220459
125     -705690.710291     -603619.774215 86144767987.820984 -124179292811.898270
126     -712107.805928     -615750.074599 88246696244.831223 -122739310062.952682
127     -718449.774747     -627986.745353 90323311310.393814 -121264120376.189392
128     -724714.871859     -640328.455196 92374035994.520386 -119754171712.713989
129     -730901.376241     -652773.845535 94398301119.581467 -118209921058.004776
130     -737007.591115     -665321.530897 96395545646.103867 -116631834276.738953
131     -743031.844324     -677970.099371 98365216795.917633 -115020385966.420593
132     -748972.488697     -690718.113045 100306770172.663177 -113376059309.857391
133     -754827.902408     -703564.108454 102219669879.669983 -111699345926.532120
134     -760596.489325     -716506.597024 104103388635.218826 -109990745722.913483
135     -766276.679350     -729544.065527 105957407885.200272 -108250766741.750015
136     -771866.928760     -742674.976533 107781217913.182449 -106479925010.389481
137     -777365.720525     -755897.768866 109574317947.901871 -104678744388.164886
138     -782771.564633     -769210.858065 111336216268.191513 -102847756412.887360
139     -788082.998401     -782612.636847 113066430305.360657 -100987500146.484802
140     -793298.586773     -796101.475569 114764486743.041428 -99098522019.824051
141     -798416.922624     -809675.722697 116429921614.517456 -97181375676.753433
142     -803436.627041     -823333.705275 118062280397.550125 -95236621817.401016
143     -808356.349611     -837073.729397 119661118106.718262 -93264828040.763153
144     -813174.768688     -850894.080680 121225999383.287415 -91266568686.616653
145     -817890.591664     -864793.024739 122756498582.624802 -89242424676.786713
146     -822502.555224     -878768.807667 124252199859.176346 -87192983355.801895
147     -827009.425601     -892819.656511 125712697249.022293 -85118838330.966187
148     -831409.998818     -906943.779757 127137594750.027786 -83020589311.877243
149     -835703.100926     -921139.367807 128526506399.604996 -80898841949.418762
150     -839887.588234     -935404.593469 129879056350.103226 -78754207674.254105
151     -843962.347530     -949737.612440 131194878941.843582 -76587303534.847092
152     -847926.296300     -964136.563793 132473618773.814362 -74398752035.035110
153     -851778.382934     -978599.570466 133714930772.043518 -72189180971.178497
154     -855517.586929     -993124.739748 134918480255.664307 -69959223268.909515
155     -859142.919085    -1007710.163778 136083943000.689896 -67709516819.503006
156     -862653.421689    -1022353.920028 137211005301.512756 -65440704315.890198
157     -866048.168701    -1037054.071801 138299364030.144165 -63153433088.336082
158     -869326.265928    -1051808.668722 139348726693.209137 -60848354939.800018
159     -872486.851187    -1066615.747236 140358811486.711487 -58526125980.998428
160     -875529.094472    -1081473.331101 141329347348.583710 -56187406465.187546
161     -878452.198104    -1096379.431885 142260074009.035889 -53832860622.683548
162     -881255.396883    -1111332.049465 143150742038.717407 -51463156495.136581
163     -883937.958225    -1126329.172522 144001112894.704956 -49078965769.574394
164     -886499.182301    -1141368.779042 144810958964.329712 -46680963612.230843
165     -888938.402162    -1156448.836813 145580063606.856659 -44269828502.173592
166     -891254.983862    -1171567.303928 146308221193.027588 -41846242064.744911
167     -893448.326576    -1186722.129282 146995237142.480103 -39410888904.828705
168     -895517.862704    -1201911.253076 147640927959.053131 -36964456439.956497
169     -897463.057978    -1217132.607315 148245121263.990051 -34507634733.264374
170     -899283.411559    -1232384.116313 148807655827.049438 -32041116326.312515
171     -900978.456123    -1247663.697192 149328381595.532715 -29565596071.778339
172     -902547.757951    -1262969.260388 149807159721.238098 -27081770966.033916
173     -903990.916999    -1278298.710151 150243862585.349091 -24590339981.617809
174     -905307.566979    -1293649.945048 150638373821.265289 -22092003899.611137
175     -906497.375416    -1309020.858471 150990588335.382874 -19587465141.927292
176     -907560.043712    -1324409.339133 151300412325.831390 -17077427603.524340
177     -908495.307200    -1339813.271580 151567763299.172852 -14562596484.548950
178     -909302.935188    -1355230.536688 151792570085.068390 -12043678122.420275
179     -909982.730999    -1370659.012172 151974772848.917572 -9521379823.862059
180     -910534.532011    -1386096.573090 152114323102.474091 -6996409696.891016
181     -910958.209684    -1401541.092344 152211183712.441589 -4469476482.769312
182     -911253.669577    -1416990.441189 152265328907.052246 -1941289387.928853
183     -911420.851374    -1432442.489734 152276744280.630524   587442084.125031
184     -911459.728889    -1447895.107451 152245426796.143250  3116008300.923023
185     -911370.310071    -1463346.163673 152171384785.737122  5643699669.146942
186     -911152.637003    -1478793.528106 152054637949.263824  8169806802.743141
187     -910806.785897    -1494235.071331 151895217350.791962 10693620691.026749
188     -910332.867077    -1509668.665307 151693165413.105194 13214432866.769318
189     -909731.024961    -1525092.183878 151448535910.184143 15731535574.262327
190     -909001.438036    -1540503.503275 151161393957.670166 18244221937.348938
191     -908144.318824    -1555900.502623 150831816001.307434 20751786127.416195
192     -907159.913848    -1571281.064446 150459889803.359894 23253523531.339794
193     -906048.503585    -1586643.075167 150045714426.998413 25748730919.373234
194     -904810.402417    -1601984.425616 149589400218.653320 28236706612.973026
195     -903445.958575    -1617303.011533 149091068788.326385 30716750652.551353
196     -901955.554079    -1632596.734068 148550852987.856110 33188164965.147228
197     -900339.604664    -1647863.500291 147968896887.129364 35650253532.006958
198     -898598.559712    -1663101.223690 147345355748.231873 38102322556.064323
199     -896732.902166    -1678307.824672 146680395997.529419 40543680629.310486
200     -894743.148449    -1693481.231073 145974195195.670868 42973638900.043251
201     -892629.848362    -1708619.378652 145226942005.504242 45391511239.984886
202     -890393.584995    -1723720.211597 144438836157.895416 47796614411.257149
203     -888034.974612    -1738781.683025 143610088415.439606 50188268233.201736
204     -885554.666545    -1753801.755482 142740920534.054321 52565795749.033867
205     -882953.343072    -1768778.401444 141831565222.442841 54928523392.316010
206     -880231.719294    -1783709.603817 140882266099.415924 57275781153.238319
207     -877390.543004    -1798593.356433 139893277649.059784 59606902744.691689
208     -874430.594545    -1813427.664554 138864865173.737152 61921225768.118607
209     -871352.686673    -1828210.545363 137797304744.908508 64218091879.126450
210     -868157.664398    -1842940.028464 136690883151.759796 66496846952.847000
211     -864846.404832    -1857614.156382 135545897847.622467 68756841249.025391
212     -861419.817024    -1872230.985049 134362656894.171646 70997429576.820847
213     -857878.841785    -1886788.584307 133141478903.387543 73217971459.300827
214     -854224.451517    -1901285.038398 131882692977.265320 75417831297.609299
215     -850457.650023    -1915718.446455 130586638645.257812 77596378534.789215
216     -846579.472319    -1930086.922996 129253665799.435806 79752987819.238266
217     -842590.984433    -1944388.598413 127884134627.349945 81887039167.776062
218     -838493.283203    -1958621.619462 126478415542.578308 83997918128.300262
219     -834287.496064    -1972784.149746 125036889112.943466 86085015942.007797
220     -829974.780826    -1986874.370210 123559945986.382797 88147729705.156967
221     -825556.325454    -2000890.479618 122047986814.455597 90185462530.344650
222     -821033.347830    -2014830.695041 120501422173.470566 92197623707.272247
223     -816407.095511    -2028693.252336 118920672483.217102 94183628862.972977
224     -811678.845488    -2042476.406631 117306167923.283966 96142900121.471802
225     -806849.903925    -2056178.432796 115658348346.948776 98074866262.848648
226     -801921.605901    -2069797.625928 113977663192.621994 99978962881.674194
227     -796895.315136    -2083332.301818 112264571392.829010 101854632544.786652
228     -791772.423718    -2096780.797429 110519541280.714386 103701324948.376663
229     -786554.351817    -2110141.471366 108743050494.052032 105518497074.346649
230     -781242.547392    -2123412.704342 106935585876.745789 107305613345.909500
231     -775838.485894    -2136592.899644 105097643377.804871 109062145782.390549
232     -770343.669957    -2149680.483601 103229727947.779099 110787574153.195724
233     -764759.629082    -2162673.906039 101332353432.638977 112481386130.907455
234     -759087.919318    -2175571.640743 99406042465.086472 114143077443.468811
235     -753330.122929    -2188372.185912 97451326353.282288 115772152025.415314
236     -747487.848058    -2201074.064611 95468744966.976364 117368122168.112579
237     -741562.728377    -2213675.825220 93458846621.028580 118930508668.956787
238     -735556.422740    -2226176.041882 91422187956.307373 120458840979.493942
239     -729470.614817    -2238573.314945 89359333817.954544 121952657352.412598
240     -723307.012723    -2250866.271401 87270857131.005249 123411504987.363541
241     -717067.348647    -2263053.565325 85157338773.352798 124834940175.558945
242     -710753.378458    -2275133.878302 83019367446.048767 126222528443.102112
243     -704366.881320    -2287105.919861 80857539540.929825 127573844692.997971
244     -697909.659284    -2298968.427895 78672459005.563232 128888473345.793228
245     -691383.536883    -2310720.169084 76464737205.504318 130166008478.794022
246     -684790.360710    -2322359.939308 74234992783.859848 131406053963.807724
247     -678131.998998    -2333886.564063 71983851518.152481 132608223603.354523
248     -671410.341179    -2345298.898862 69711946174.482468 133772141265.293259
249     -664627.297450    -2356595.829640 67419916358.983925 134897441015.804810
250     -657784.798317    -2367776.273151 65108408366.574074 135983767250.675583
251     -650884.794137    -2378839.177359 62778075026.995323 137030774824.822205
252     -643929.254657    -2389783.521821 60429575548.151115 138038129179.997864
253     -636920.168533    -2400608.318073 58063575356.737885 139005506470.619415
254     -629859.542852    -2411312.610003 55680745936.176956 139932593687.653809
255     -622749.402639    -2421895.474217 53281764661.851463 140819088780.500946
256     -615591.790358    -2432356.020406 50867314633.655029 141664700776.809753
257     -608388.765409    -2442693.391700 48438084505.860451 142469149900.162659
258     -601142.403609    -2452906.765020 45994768314.318138 143232167685.563721
259     -593854.796668    -2462995.351418 43538065300.995834 143953497092.663849
260     -586528.051665    -2472958.396419 41068679735.872765 144632892616.656738
261     -579164.290502    -2482795.180344 38587320736.203110 145270120396.777649
262     -571765.649361    -2492505.018636 36094702083.165520 145864958322.336914
263     -564334.278149    -2502087.262176 33591542035.917183 146417196136.219360
264     -556872.339938    -2511541.297584 31078563143.072910 146926635535.780121
265     -549382.010389    -2520866.547525 28556492051.631577 147393090271.066803
266     -541865.477182    -2530062.470995 26026059313.374271 147816386240.297516
267     -534324.939425    -2539128.563603 23487999188.760513 148196361582.524048
268     -526762.607065    -2548064.357851 20943049448.350952 148532866767.408508
269     -519180.700287    -2556869.423390 18391951171.787090 148825764682.042175
270     -511581.448906    -2565543.367286 15835448544.360708 149074930714.734375
271     -503967.091754    -2574085.834258 13274288651.207840 149280252835.699524
272     -496339.876057    -2582496.506921 10709221269.164379 149441631674.570099
273     -488702.056809    -2590775.106013  8140998656.322628 149558980594.662994
274     -481055.896135    -2598921.390612  5570375339.330436 149632225763.927490
275     -473403.662648    -2606935.158344  2998107898.476824 149661306222.502075
276     -465747.630803    -2614816.245582   424954750.610388 149646173946.808594
277     -458090.080240    -2622564.527630 -2148324070.060883 149586793910.111450
278     -450433.295124    -2630179.918904 -4720967133.237322 149483144139.470734
279     -442779.563476    -2637662.373094 -7292211835.809385 149335215769.017822
280     -435131.176502    -2645011.883319 -9861294627.097647 149143013089.483002
281     -427490.427913    -2652228.482273 -12427451235.992619 148906553593.904846
282     -419859.613237    -2659312.242349 -14989916899.933611 148625868019.451813
283     -412241.029135    -2666263.275769 -17547926595.663315 148301000385.287415
284     -404636.972700    -2673081.734683 -20100715271.692348 147932008026.410858
285     -397049.740760    -2679767.811268 -22647518082.405472 147518961623.405884
286     -389481.629170    -2686321.737811 -25187570623.738716 147061945228.032135
287     -381934.932104    -2692743.786780 -27720109170.354164 146561056284.593323
288     -374411.941342    -2699034.270880 -30244370914.236633 146016405647.018921
289     -366914.945548    -2705193.543099 -32759594204.634018 145428117591.596252
290     -359446.229550    -2711221.996740 -35265018789.260590 144796329825.291870
291     -352008.073613    -2717120.065439 -37759886056.680092 144121193489.602264
292     -344602.752711    -2722888.223167 -40243439279.783005 143402873159.875702
293     -337232.535792    -2728526.984228 -42714923860.269981 142641546840.048126
294     -329899.685046    -2734036.903227 -45173587574.051025 141837405952.738556
295     -322606.455164    -2739418.575041 -47618680817.467606 140990655324.650391
296     -315355.092598    -2744672.634765 -50049456854.242615 140101513167.227600
297     -308147.834820    -2749799.757645 -52465172063.060745 139170211052.516510
298     -300986.909577    -2754800.659003 -54865086185.679581 138196993884.185913
299     -293874.534144    -2759676.094136 -57248462575.469566 137182119863.660599
300     -286812.914580    -2764426.858215 -59614568446.278748 136125860451.325623
301     -279804.244979    -2769053.786153 -61962675121.516151 135028500322.761093
302     -272850.706719    -2773557.752472 -64292058283.345566 133890337319.969620
303     -265954.467722    -2777939.671145 -66601998221.879509 132711682397.561081
304     -259117.681695    -2782200.495432 -68891780084.261154 131492859563.862366
305     -252342.487392    -2786341.217689 -71160694123.520325 130234205816.922012
306     -245631.007861    -2790362.869172 -73408035947.087585 128936071075.382950
307     -238985.349702    -2794266.519822 -75633106764.848984 127598818104.199112
308     -232407.602322    -2798053.278032 -77835213636.622192 126222822435.174957
309     -225899.837192    -2801724.290403 -80013669718.933380 124808472282.309814
310     -219464.107109    -2805280.741480 -82167794510.972565 123356168451.932358
311     -213102.445457    -2808723.853476 -84296914099.603760 121866324247.613419
312     -206816.865474    -2812054.885977 -86400361403.305252 120339365369.849136
313     -200609.359523    -2815275.135635 -88477476414.913666 118775729810.509262
314     -194481.898360    -2818385.935841 -90527606443.044937 117175867742.049393
315     -188436.430418    -2821388.656384 -92550106352.063812 115540241401.489090
316     -182474.881084    -2824284.703100 -94544338800.473022 113869324969.161591
317     -176599.151988    -2827075.517494 -96509674477.592300 112163604442.244339
318     -170811.120292    -2829762.576355 -98445492338.396790 110423577503.083374
319     -165112.637992    -2832347.391353 -100351179836.383987 108649753382.328217
320     -159505.531221    -2834831.508620 -102226133154.337692 106842652716.897751
321     -153991.599558    -2837216.508316 -104069757432.857483 105002807402.801422
322     -148572.615343    -2839504.004179 -105881466996.521820 103130760442.843964
323     -143250.323009    -2841695.643060 -107660685577.552856 101227065789.245621
324     -138026.438407    -2843793.104443 -109406846536.851349 99292288181.213943
325     -132902.648150    -2845798.099952 -111119393082.270035 97327002977.506973
326     -127880.608961    -2847712.372837 -112797778483.994308 95331795984.031891
327     -122961.947033    -2849537.697449 -114441466286.899521 93307263276.526810
328     -118148.257392    -2851275.878706 -116049930519.754944 91254011018.377655
329     -113441.103278    -2852928.751532 -117622655901.145004 89172655273.625961
330     -108842.015527    -2854498.180292 -119159138041.979462 87063821815.227448
331     -104352.491973    -2855986.058209 -120658883644.465240 84928145928.625122
332      -99973.996854    -2857394.306765 -122121410697.413742 82766272210.704697
333      -95707.960231    -2858724.875094 -123546248667.758850 80578854364.204056
334      -91555.777420    -2859979.739355 -124932938688.162323 78366554987.652466
335      -87518.808432    -2861160.902096 -126281033740.584793 76130045360.918915
336      -83598.377432    -2862270.391606 -127590098835.702377 73870005226.453156
337      -79795.772202    -2863310.261244 -128859711188.050964 71587122566.306595
338      -76112.243628    -2864282.588775 -130089460386.781876 69282093375.023956
339      -72549.005187    -2865189.475670 -131278948561.915222 66955621428.500526
340      -69107.232459    -2866033.046415 -132427790545.979202 64608418048.903336
341      -65788.062648    -2866815.447795 -133535614030.926300 62241201865.758217
342      -62592.594119    -2867538.848172 -134602059720.219696 59854698573.308281
343      -59521.885946    -2868205.436751 -135626781475.986038 57449640684.252739
344      -56576.957479    -2868817.422837 -136609446461.133484 55026767279.978500
345      -53758.787927    -2869377.035076 -137549735276.336884 52586823757.400093
346      -51068.315951    -2869886.520694 -138447342091.795105 50130561572.526833
347      -48506.439280    -2870348.144719 -139301974773.668610 47658737980.879173
348      -46074.014336    -2870764.189201 -140113355005.108673 45172115774.879189
349      -43771.855881    -2871136.952414 -140881218401.793304 42671463018.343124
350      -41600.736679    -2871468.748059 -141605314621.888000 40157552778.206635
351      -39561.387171    -2871761.904453 -142285407470.353729 37631162853.616135
352      -37654.495174    -2872018.763710 -142921274997.527557 35093075502.522133
353      -35880.705592    -2872241.680921 -143512709591.905853 32544077165.912971
354      -34240.620148    -2872433.023317 -144059518067.063354 29984958189.829636
355      -32734.797128    -2872595.169436 -144561521742.645874 27416512545.304516
356      -31363.751150    -2872730.508276 -145018556519.378113 24839537546.369068
357      -30127.952949    -2872841.438448 -145430472948.032471 22254833566.277199
358      -29027.829173    -2872930.367319 -145797136292.308899 19663203752.093021
359      -28063.762212    -2872999.710154 -146118426585.580292 17065453737.793219
360      -27236.090030    -2873051.889255 -146394238681.461914 14462391356.035772
361      -26545.106024    -2873089.333088 -146624482298.168274 11854826348.748116
362      -25991.058904    -2873114.475418 -146809082056.624908  9243570076.688988
363      -25574.152582    -2873129.754432 -146947977512.307404  6629435228.139278
364      -25294.546090    -2873137.611867 -147041123180.784119  4013235526.878036
365      -25152.353513    -2873140.492128 -147088488556.944305  1395785439.600531
